[gd_scene load_steps=12 format=3 uid="uid://cjjp8ouylsd3r"]

[ext_resource type="PackedScene" uid="uid://ci52bv1m15cbs" path="res://cars/Doge.tscn" id="1_4f22a"]
[ext_resource type="Script" path="res://main.gd" id="1_qv4o6"]
[ext_resource type="Script" path="res://driver.gd" id="4_nojin"]

[sub_resource type="PhysicsMaterial" id="PhysicsMaterial_n32b1"]

[sub_resource type="BoxShape3D" id="BoxShape3D_hr5a4"]

[sub_resource type="PlaneMesh" id="PlaneMesh_lh1qg"]

[sub_resource type="GDScript" id="GDScript_m4sht"]
script/source = "extends RayCast3D


# Called when the node enters the scene tree for the first time.
func _ready():

	#print(view.camera)
	pass # Replace with function body.

var bonet = false
# Called every frame. 'delta' is the elapsed time since the previous frame.
func _process(delta):
	if is_colliding():
		#print(\"colliding\")
		pass
	else:
		#print(\"not colliding\")
		pass


"

[sub_resource type="BoxShape3D" id="BoxShape3D_o7dmv"]
size = Vector3(1.3, 0.8, 3.5)

[sub_resource type="BoxMesh" id="BoxMesh_ipu8p"]

[sub_resource type="BoxShape3D" id="BoxShape3D_7puoy"]
size = Vector3(5, 1, 1)

[sub_resource type="BoxMesh" id="BoxMesh_xmtux"]
size = Vector3(5, 1, 1)

[node name="world" type="Node3D"]
script = ExtResource("1_qv4o6")

[node name="ground" type="StaticBody3D" parent="."]
physics_material_override = SubResource("PhysicsMaterial_n32b1")

[node name="CollisionShape3D" type="CollisionShape3D" parent="ground"]
transform = Transform3D(137.052, 0, 0, 0, 0.363346, 0, 0, 0, 137.052, 0, 0, 0)
shape = SubResource("BoxShape3D_hr5a4")

[node name="MeshInstance3D" type="MeshInstance3D" parent="ground/CollisionShape3D"]
transform = Transform3D(0.503659, 0, 0, 0, 0.503659, 0, 0, 0, 0.503659, 0, 0, 0)
mesh = SubResource("PlaneMesh_lh1qg")

[node name="car" parent="." instance=ExtResource("1_4f22a")]
transform = Transform3D(1, 0, 0, 0, 1, 0, 0, 0, 1, -2.29343, 0.16081, 6.18386)

[node name="center" type="RayCast3D" parent="car"]
transform = Transform3D(1, 0, 0, 0, 1, 0, 0, 0, 1, 0, 0.784737, 0)
target_position = Vector3(0, 0, -5)
script = SubResource("GDScript_m4sht")

[node name="left" type="RayCast3D" parent="car"]
transform = Transform3D(0.967467, 0, 0.252998, 0, 1, 0, -0.252998, 0, 0.967467, 0, 0.693281, 0)
target_position = Vector3(0, 0, -5)
script = SubResource("GDScript_m4sht")

[node name="right" type="RayCast3D" parent="car"]
transform = Transform3D(0.99566, 0, -0.0930657, 0, 1, 0, 0.0930657, 0, 0.99566, 0.645909, 0.707406, 0)
target_position = Vector3(0, 0, -5)
script = SubResource("GDScript_m4sht")

[node name="Area3D2" type="Area3D" parent="car"]
transform = Transform3D(1, 0, 0, 0, 1, 0, 0, 0, 1, 0.0357795, -0.100409, 2.38168)

[node name="CollisionShape3D" type="CollisionShape3D" parent="car/Area3D2"]
transform = Transform3D(1.43335, 0, 0, 0, 1.43335, 0, 0, 0, 1.43335, 0, 1.19979, -2.37723)
shape = SubResource("BoxShape3D_o7dmv")

[node name="MeshInstance3D" type="MeshInstance3D" parent="car/Area3D2/CollisionShape3D"]
transform = Transform3D(1.29332, 0, 0, 0, 0.756234, 0, 0, 0, 1, 0, -0.0289416, 0)
visible = false
mesh = SubResource("BoxMesh_ipu8p")

[node name="driver" type="Node3D" parent="car"]
script = ExtResource("4_nojin")

[node name="DirectionalLight3D" type="DirectionalLight3D" parent="."]
transform = Transform3D(0.851298, -0.103263, 0.51442, 0.124662, 0.992174, -0.00713338, -0.509657, 0.0702012, 0.857509, 0, 3.02472, 0)

[node name="Camera3D" type="Camera3D" parent="."]
transform = Transform3D(-0.00482547, -0.280111, 0.959955, -0.0355479, 0.959408, 0.279773, -0.999356, -0.0327744, -0.014587, 7.58745, 4.36435, 3.62743)
current = true

[node name="obstacle" type="RigidBody3D" parent="."]

[node name="CollisionShape3D" type="CollisionShape3D" parent="obstacle"]
transform = Transform3D(1, 0, 0, 0, 1, 0, 0, 0, 1, -1.87068, 0.793311, -0.795527)
shape = SubResource("BoxShape3D_7puoy")

[node name="MeshInstance3D" type="MeshInstance3D" parent="obstacle"]
transform = Transform3D(1, 0, 0, 0, 1, 0, 0, 0, 1, -1.85621, 0.785165, -0.824294)
mesh = SubResource("BoxMesh_xmtux")
skeleton = NodePath("")

[connection signal="body_entered" from="car/Area3D2" to="." method="_on_area_3d_2_body_entered"]
[connection signal="body_exited" from="car/Area3D2" to="." method="_on_area_3d_2_body_exited"]
[connection signal="body_entered" from="obstacle" to="." method="_on_rigid_body_3d_body_entered"]
