[gd_scene load_steps=8 format=3 uid="uid://cjjp8ouylsd3r"]

[ext_resource type="PackedScene" uid="uid://ci52bv1m15cbs" path="res://cars/Doge.tscn" id="1_taty3"]
[ext_resource type="Script" path="res://RayCast3D.gd" id="2_dxxp6"]

[sub_resource type="PhysicsMaterial" id="PhysicsMaterial_n32b1"]

[sub_resource type="BoxShape3D" id="BoxShape3D_hr5a4"]

[sub_resource type="PlaneMesh" id="PlaneMesh_lh1qg"]

[sub_resource type="BoxMesh" id="BoxMesh_foube"]

[sub_resource type="BoxShape3D" id="BoxShape3D_r0fbk"]

[node name="world" type="Node3D"]

[node name="StaticBody3D" type="StaticBody3D" parent="."]
physics_material_override = SubResource("PhysicsMaterial_n32b1")

[node name="CollisionShape3D" type="CollisionShape3D" parent="StaticBody3D"]
transform = Transform3D(71.7342, 0, 0, 0, 0.190179, 0, 0, 0, 71.7342, 0, 0, 0)
shape = SubResource("BoxShape3D_hr5a4")

[node name="MeshInstance3D" type="MeshInstance3D" parent="StaticBody3D/CollisionShape3D"]
mesh = SubResource("PlaneMesh_lh1qg")

[node name="car" parent="." instance=ExtResource("1_taty3")]
transform = Transform3D(1, 0, 0, 0, 1, 0, 0, 0, 1, -2.29343, 0.16081, 6.18386)

[node name="center" type="RayCast3D" parent="car"]
transform = Transform3D(1, 0, 0, 0, 1, 0, 0, 0, 1, 0, 0.784737, 0)
target_position = Vector3(0, 0, -5)
script = ExtResource("2_dxxp6")

[node name="left" type="RayCast3D" parent="car"]
transform = Transform3D(0.967467, 0, 0.252998, 0, 1, 0, -0.252998, 0, 0.967467, 0, 0.693281, 0)
target_position = Vector3(0, 0, -5)
script = ExtResource("2_dxxp6")

[node name="right" type="RayCast3D" parent="car"]
transform = Transform3D(0.99566, 0, -0.0930657, 0, 1, 0, 0.0930657, 0, 0.99566, 0.645909, 0.707406, 0)
target_position = Vector3(0, 0, -5)
script = ExtResource("2_dxxp6")

[node name="DirectionalLight3D" type="DirectionalLight3D" parent="."]
transform = Transform3D(0.851298, -0.103263, 0.51442, 0.124662, 0.992174, -0.00713338, -0.509657, 0.0702012, 0.857509, 0, 3.02472, 0)

[node name="StaticBody3D2" type="StaticBody3D" parent="."]
transform = Transform3D(4.13194, 0, 0, 0, 1.62615, 0, 0, 0, 1, -2.08395, 0.467738, 0)

[node name="MeshInstance3D" type="MeshInstance3D" parent="StaticBody3D2"]
mesh = SubResource("BoxMesh_foube")

[node name="CollisionShape3D" type="CollisionShape3D" parent="StaticBody3D2"]
shape = SubResource("BoxShape3D_r0fbk")

[node name="Camera3D" type="Camera3D" parent="."]
transform = Transform3D(-0.00482547, -0.280111, 0.959955, -0.0355479, 0.959408, 0.279773, -0.999356, -0.0327744, -0.014587, 7.58745, 4.36435, 3.62743)
current = true
